1000 1006 0.0341
1006 1000 0.0341
1000 1051 0.0513
1051 1000 0.0513
1000 1109 0.1283
1109 1000 0.1283
1000 1112 0.0227
1112 1000 0.0227
1000 1127 0.0299
1127 1000 0.0299
1000 1141 0.0359
1141 1000 0.0359
1000 1146 0.0488
1146 1000 0.0488
1000 1152 0.0253
1152 1000 0.0253
1000 116 0.0954
116 1000 0.0954
1000 1193 0.0512
1193 1000 0.0512
1000 1202 0.0919
1202 1000 0.0919
1000 1232 0.0464
1232 1000 0.0464
1000 1246 0.0818
1246 1000 0.0818
1000 1254 0.0416
1254 1000 0.0416
1000 1259 0.0422
1259 1000 0.0422
1000 1260 0.0475
1260 1000 0.0475
1000 1263 0.0376
1263 1000 0.0376
1000 1272 0.0895
1272 1000 0.0895
1000 1304 0.0257
1304 1000 0.0257
1000 131 0.0438
131 1000 0.0438
1000 1315 0.0437
1315 1000 0.0437
1000 1321 0.0582
1321 1000 0.0582
1000 1349 0.0442
1349 1000 0.0442
1000 1354 0.0401
1354 1000 0.0401
1000 1356 0.0635
1356 1000 0.0635
1000 137 0.1209
137 1000 0.1209
1000 1394 0.0471
1394 1000 0.0471
1000 140 0.0499
140 1000 0.0499
1000 1400 0.0410
1400 1000 0.0410
1000 1434 0.0382
1434 1000 0.0382
1000 1452 0.0460
1452 1000 0.0460
1000 1464 0.0177
1464 1000 0.0177
1000 1513 0.0419
1513 1000 0.0419
1000 1600 0.0652
1600 1000 0.0652
1000 1616 0.1395
1616 1000 0.1395
1000 1636 0.0545
1636 1000 0.0545
1000 1673 0.0605
1673 1000 0.0605
1000 1681 0.0198
1681 1000 0.0198
1000 1724 0.2446
1724 1000 0.2446
1000 1814 0.0275
1814 1000 0.0275
1000 1818 0.1060
1818 1000 0.1060
1000 1846 0.0712
1846 1000 0.0712
1000 1856 0.1496
1856 1000 0.1496
1000 1877 0.0333
1877 1000 0.0333
1000 191 0.0398
191 1000 0.0398
1000 1912 0.0517
1912 1000 0.0517
1000 1928 0.0912
1928 1000 0.0912
1000 1961 0.1049
1961 1000 0.1049
1000 1969 0.1833
1969 1000 0.1833
1000 1972 0.0277
1972 1000 0.0277
1000 1989 0.1755
1989 1000 0.1755
1000 2005 0.1622
2005 1000 0.1622
1000 2033 0.0207
2033 1000 0.0207
1000 2058 0.1577
2058 1000 0.1577
1000 2085 0.0719
2085 1000 0.0719
1000 2086 0.0367
2086 1000 0.0367
1000 2103 0.0479
2103 1000 0.0479
1000 2113 0.1262
2113 1000 0.1262
1000 2121 0.0528
2121 1000 0.0528
1000 2154 0.0927
2154 1000 0.0927
1000 2167 0.2122
2167 1000 0.2122
1000 2199 0.0433
2199 1000 0.0433
1000 2214 0.0753
2214 1000 0.0753
1000 2268 0.2979
2268 1000 0.2979
1000 2283 0.0118
2283 1000 0.0118
1000 2285 0.0761
2285 1000 0.0761
1000 2287 0.0437
2287 1000 0.0437
1000 233 0.0734
233 1000 0.0734
1000 2350 0.0594
2350 1000 0.0594
1000 2351 0.0382
2351 1000 0.0382
1000 2357 0.0274
2357 1000 0.0274
1000 2426 0.0789
2426 1000 0.0789
1000 2431 0.1170
2431 1000 0.1170
1000 2437 0.0620
2437 1000 0.0620
1000 244 0.1755
244 1000 0.1755
1000 2498 0.0633
2498 1000 0.0633
1000 2516 0.0461
2516 1000 0.0461
1000 2540 0.1869
2540 1000 0.1869
1000 2599 0.0651
2599 1000 0.0651
1000 262 0.0274
262 1000 0.0274
1000 2623 0.0443
2623 1000 0.0443
1000 265 0.1755
265 1000 0.1755
1000 2685 0.0327
2685 1000 0.0327
1000 2686 0.0437
2686 1000 0.0437
1000 299 0.0560
299 1000 0.0560
1000 326 0.0421
326 1000 0.0421
1000 337 0.0830
337 1000 0.0830
1000 354 0.0586
354 1000 0.0586
1000 361 0.0734
361 1000 0.0734
1000 374 0.0538
374 1000 0.0538
1000 381 0.0839
381 1000 0.0839
1000 408 0.0947
408 1000 0.0947
1000 417 0.0424
417 1000 0.0424
1000 427 0.0489
427 1000 0.0489
1000 458 0.0977
458 1000 0.0977
1000 463 0.0550
463 1000 0.0550
1000 474 0.2521
474 1000 0.2521
1000 542 0.0705
542 1000 0.0705
1000 549 0.3331
549 1000 0.3331
1000 550 0.1627
550 1000 0.1627
1000 665 0.0978
665 1000 0.0978
1000 691 0.0964
691 1000 0.0964
1000 706 0.0918
706 1000 0.0918
1000 711 0.0415
711 1000 0.0415
1000 750 0.1355
750 1000 0.1355
1000 770 0.0917
770 1000 0.0917
1000 78 0.1460
78 1000 0.1460
1000 785 0.1066
785 1000 0.1066
1000 786 0.0390
786 1000 0.0390
1000 794 0.0289
794 1000 0.0289
1000 808 0.0444
808 1000 0.0444
1000 809 0.0282
809 1000 0.0282
1000 81 0.0787
81 1000 0.0787
1000 833 0.0181
833 1000 0.0181
1000 842 0.0464
842 1000 0.0464
1000 903 0.0946
903 1000 0.0946
1000 915 0.0756
915 1000 0.0756
1000 943 0.0224
943 1000 0.0224
1000 993 0.0482
993 1000 0.0482
1001 1107 0.0268
1107 1001 0.0268
1001 1178 0.0426
1178 1001 0.0426
1001 1428 0.0531
1428 1001 0.0531
1001 1477 0.0493
1477 1001 0.0493
1001 1551 0.0885
1551 1001 0.0885
1001 1555 0.1609
1555 1001 0.1609
1001 1578 0.0231
1578 1001 0.0231
1001 1662 0.0182
1662 1001 0.0182
1001 175 0.0436
175 1001 0.0436
1001 1796 0.0485
1796 1001 0.0485
1001 1805 0.0445
1805 1001 0.0445
1001 1830 0.0318
1830 1001 0.0318
1001 1868 0.0703
1868 1001 0.0703
1001 1906 0.0574
1906 1001 0.0574
1001 1968 0.0712
1968 1001 0.0712
1001 1988 0.2238
1988 1001 0.2238
1001 2072 0.0385
2072 1001 0.0385
1001 2086 0.0100
2086 1001 0.0100
1001 2180 0.0213
2180 1001 0.0213
1001 221 0.0443
221 1001 0.0443
1001 2270 0.0850
2270 1001 0.0850
1001 2307 0.0572
2307 1001 0.0572
1001 2377 0.0316
2377 1001 0.0316
1001 2470 0.0292
2470 1001 0.0292
1001 286 0.0119
286 1001 0.0119
1001 296 0.0189
296 1001 0.0189
1001 403 0.0512
403 1001 0.0512
1001 406 0.0840
406 1001 0.0840
1001 789 0.0457
789 1001 0.0457
1001 861 0.0384
861 1001 0.0384
1002 1006 0.0553
1006 1002 0.0553
1002 1023 0.0847
1023 1002 0.0847
1002 1034 0.0529
1034 1002 0.0529
1002 1049 0.1023
1049 1002 0.1023
1002 1061 0.0156
1061 1002 0.0156
1002 1077 0.0245
1077 1002 0.0245
1002 1109 0.0104
1109 1002 0.0104
1002 1114 0.0413
1114 1002 0.0413
1002 1146 0.0077
1146 1002 0.0077
1002 1152 0.0093
1152 1002 0.0093
1002 1160 0.0554
1160 1002 0.0554
1002 1162 0.0236
1162 1002 0.0236
1002 1168 0.0200
1168 1002 0.0200
1002 1176 0.0051
1176 1002 0.0051
1002 1193 0.0144
1193 1002 0.0144
1002 1207 0.0278
1207 1002 0.0278
1002 1229 0.0141
1229 1002 0.0141
1002 1232 0.0138
1232 1002 0.0138
1002 1246 0.0155
1246 1002 0.0155
1002 1254 0.0052
1254 1002 0.0052
1002 1312 0.0124
1312 1002 0.0124
1002 1317 0.0237
1317 1002 0.0237
1002 1321 0.0143
1321 1002 0.0143
1002 1337 0.0135
1337 1002 0.0135
1002 1349 0.0092
1349 1002 0.0092
1002 1357 0.0168
1357 1002 0.0168
1002 1385 0.0089
1385 1002 0.0089
1002 1393 0.0226
1393 1002 0.0226
1002 1394 0.0118
1394 1002 0.0118
1002 1412 0.0172
1412 1002 0.0172
1002 1442 0.0139
1442 1002 0.0139
1002 1445 0.0119
1445 1002 0.0119
1002 1465 0.0288
1465 1002 0.0288
1002 1466 0.0441
1466 1002 0.0441
1002 1493 0.0942
1493 1002 0.0942
1002 1497 0.0143
1497 1002 0.0143
1002 1499 0.0382
1499 1002 0.0382
1002 1509 0.0173
1509 1002 0.0173
1002 1531 0.0119
1531 1002 0.0119
1002 1549 0.0220
1549 1002 0.0220
1002 1588 0.0108
1588 1002 0.0108
1002 1605 0.0207
1605 1002 0.0207
1002 1612 0.0152
1612 1002 0.0152
1002 1636 0.0087
1636 1002 0.0087
1002 1654 0.0145
1654 1002 0.0145
1002 1664 0.0861
1664 1002 0.0861
1002 1665 0.0155
1665 1002 0.0155
1002 1673 0.0186
1673 1002 0.0186
1002 1740 0.0106
1740 1002 0.0106
1002 1778 0.0084
1778 1002 0.0084
1002 1819 0.0231
1819 1002 0.0231
1002 1847 0.0101
1847 1002 0.0101
1002 1849 0.0148
1849 1002 0.0148
1002 1856 0.0395
1856 1002 0.0395
1002 1858 0.2585
1858 1002 0.2585
1002 1866 0.0878
1866 1002 0.0878
1002 1869 0.0065
1869 1002 0.0065
1002 1877 0.0037
1877 1002 0.0037
1002 1910 0.0104
1910 1002 0.0104
1002 1931 0.0586
1931 1002 0.0586
1002 1934 0.0159
1934 1002 0.0159
1002 1945 0.0243
1945 1002 0.0243
1002 1959 0.1556
1959 1002 0.1556
1002 1963 0.0317
1963 1002 0.0317
1002 1991 0.0989
1991 1002 0.0989
1002 1996 0.0154
1996 1002 0.0154
1002 1998 0.0701
1998 1002 0.0701
1002 2000 0.0189
2000 1002 0.0189
1002 2037 0.0085
2037 1002 0.0085
1002 2041 0.0119
2041 1002 0.0119
1002 2042 0.0262
2042 1002 0.0262
1002 2043 0.0126
2043 1002 0.0126
1002 2085 0.0920
2085 1002 0.0920
1002 2086 0.0648
2086 1002 0.0648
1002 2096 0.0158
2096 1002 0.0158
1002 2098 0.0123
2098 1002 0.0123
1002 2104 0.0096
2104 1002 0.0096
1002 2121 0.1292
2121 1002 0.1292
1002 2140 0.0800
2140 1002 0.0800
1002 2147 0.0178
2147 1002 0.0178
1002 2148 0.0106
2148 1002 0.0106
1002 2154 0.0348
2154 1002 0.0348
1002 2162 0.0138
2162 1002 0.0138
1002 2184 0.0123
2184 1002 0.0123
1002 2193 0.0139
2193 1002 0.0139
1002 2217 0.0283
2217 1002 0.0283
1002 222 0.0802
222 1002 0.0802
1002 2224 0.0160
2224 1002 0.0160
1002 2229 0.0059
2229 1002 0.0059
1002 2254 0.0125
2254 1002 0.0125
1002 2269 0.0356
2269 1002 0.0356
1002 2278 0.0282
2278 1002 0.0282
1002 2301 0.0603
2301 1002 0.0603
1002 2306 0.0567
2306 1002 0.0567
1002 2309 0.0222
2309 1002 0.0222
1002 2318 0.5296
2318 1002 0.5296
1002 2338 0.1342
2338 1002 0.1342
1002 2339 0.0861
2339 1002 0.0861
1002 2343 0.0122
2343 1002 0.0122
1002 2346 0.0774
2346 1002 0.0774
1002 2368 0.0433
2368 1002 0.0433
1002 2375 0.6166
2375 1002 0.6166
1002 2383 0.0392
2383 1002 0.0392
1002 2419 0.0086
2419 1002 0.0086
1002 2424 0.0251
2424 1002 0.0251
1002 2536 0.0996
2536 1002 0.0996
1002 2573 0.0267
2573 1002 0.0267
1002 2584 0.0204
2584 1002 0.0204
1002 2590 0.0125
2590 1002 0.0125
1002 2603 0.0337
2603 1002 0.0337
1002 261 0.0264
261 1002 0.0264
1002 2611 0.0628
2611 1002 0.0628
1002 2636 0.0217
2636 1002 0.0217
1002 2662 0.0051
2662 1002 0.0051
1002 291 0.0141
291 1002 0.0141
1002 299 0.0171
299 1002 0.0171
1002 315 0.0820
315 1002 0.0820
1002 337 0.0097
337 1002 0.0097
1002 344 0.0182
344 1002 0.0182
1002 346 0.0098
346 1002 0.0098
1002 357 0.0130
357 1002 0.0130
1002 361 0.0236
361 1002 0.0236
1002 372 0.0123
372 1002 0.0123
1002 424 0.0181
424 1002 0.0181
1002 439 0.0119
439 1002 0.0119
1002 486 0.1051
486 1002 0.1051
1002 542 0.0270
542 1002 0.0270
1002 549 0.1154
549 1002 0.1154
1002 550 0.1344
550 1002 0.1344
1002 576 0.0151
576 1002 0.0151
1002 618 0.0124
618 1002 0.0124
1002 635 0.0162
635 1002 0.0162
1002 654 0.0079
654 1002 0.0079
1002 657 0.0131
657 1002 0.0131
1002 664 0.0229
664 1002 0.0229
1002 671 0.0142
671 1002 0.0142
1002 693 0.0236
693 1002 0.0236
1002 757 0.0166
757 1002 0.0166
1002 766 0.0068
766 1002 0.0068
1002 813 0.1011
813 1002 0.1011
1002 819 0.0988
819 1002 0.0988
1002 824 0.0184
824 1002 0.0184
1002 859 0.0079
859 1002 0.0079
1002 871 0.0225
871 1002 0.0225
1002 896 0.0960
896 1002 0.0960
1002 897 0.0705
897 1002 0.0705
1002 920 0.0152
920 1002 0.0152
1002 936 0.0204
936 1002 0.0204
1002 947 0.0132
947 1002 0.0132
1002 969 0.0174
969 1002 0.0174
1002 973 0.0105
973 1002 0.0105
1002 989 0.0163
989 1002 0.0163
1003 1000 0.0176
1000 1003 0.0176
1003 1015 0.0207
1015 1003 0.0207
1003 1043 0.0087
1043 1003 0.0087
1003 1054 0.0215
1054 1003 0.0215
1003 1066 0.0117
1066 1003 0.0117
1003 1070 0.0080
1070 1003 0.0080
1003 1121 0.0641
1121 1003 0.0641
1003 1122 0.0085
1122 1003 0.0085
1003 1132 0.0131
1132 1003 0.0131
1003 1138 0.0416
1138 1003 0.0416
1003 1163 0.0181
1163 1003 0.0181
1003 1174 0.0255
1174 1003 0.0255
1003 1204 0.0045
1204 1003 0.0045
1003 1209 0.0272
1209 1003 0.0272
1003 1214 0.0232
1214 1003 0.0232
1003 1254 0.0178
1254 1003 0.0178
1003 1268 0.0041
1268 1003 0.0041
1003 1288 0.0085
1288 1003 0.0085
1003 1304 0.0042
1304 1003 0.0042
1003 1332 0.0342
1332 1003 0.0342
1003 1359 0.0166
1359 1003 0.0166
1003 1366 0.0126
1366 1003 0.0126
1003 1373 0.0083
1373 1003 0.0083
1003 1379 0.0259
1379 1003 0.0259
1003 1388 0.0087
1388 1003 0.0087
1003 1433 0.0040
1433 1003 0.0040
1003 1448 0.0103
1448 1003 0.0103
1003 1513 0.0123
1513 1003 0.0123
1003 1514 0.0352
1514 1003 0.0352
1003 1521 0.0342
1521 1003 0.0342
1003 1522 0.0228
1522 1003 0.0228
1003 1523 0.0111
1523 1003 0.0111
1003 1616 0.0169
1616 1003 0.0169
1003 1636 0.0151
1636 1003 0.0151
1003 1651 0.0196
1651 1003 0.0196
1003 1672 0.0144
1672 1003 0.0144
1003 1692 0.0185
1692 1003 0.0185
1003 1714 0.0177
1714 1003 0.0177
1003 1726 0.0342
1726 1003 0.0342
1003 1732 0.0066
1732 1003 0.0066
1003 174 0.0342
174 1003 0.0342
1003 1776 0.0342
1776 1003 0.0342
1003 1778 0.0156
1778 1003 0.0156
1003 1781 0.0347
1781 1003 0.0347
1003 1786 0.0123
1786 1003 0.0123
1003 1788 0.0105
1788 1003 0.0105
1003 1818 0.0299
1818 1003 0.0299
1003 1835 0.0269
1835 1003 0.0269
1003 1883 0.0057
1883 1003 0.0057
1003 191 0.0084
191 1003 0.0084
1003 1918 0.0104
1918 1003 0.0104
1003 1929 0.0081
1929 1003 0.0081
1003 1947 0.0186
1947 1003 0.0186
1003 1971 0.0216
1971 1003 0.0216
1003 1976 0.0181
1976 1003 0.0181
1003 2001 0.0126
2001 1003 0.0126
1003 2002 0.0090
2002 1003 0.0090
1003 201 0.0081
201 1003 0.0081
1003 2018 0.0079
2018 1003 0.0079
1003 2041 0.0382
2041 1003 0.0382
1003 2057 0.0297
2057 1003 0.0297
1003 2068 0.0093
2068 1003 0.0093
1003 2080 0.0272
2080 1003 0.0272
1003 2117 0.0087
2117 1003 0.0087
1003 2138 0.0342
2138 1003 0.0342
1003 2187 0.0064
2187 1003 0.0064
1003 2206 0.0285
2206 1003 0.0285
1003 2237 0.0333
2237 1003 0.0333
1003 2258 0.0126
2258 1003 0.0126
1003 2271 0.0103
2271 1003 0.0103
1003 228 0.0278
228 1003 0.0278
1003 2323 0.0122
2323 1003 0.0122
1003 2330 0.0342
2330 1003 0.0342
1003 2331 0.0123
2331 1003 0.0123
1003 2364 0.0068
2364 1003 0.0068
1003 2391 0.0255
2391 1003 0.0255
1003 2395 0.0062
2395 1003 0.0062
1003 2400 0.0103
2400 1003 0.0103
1003 2416 0.0342
2416 1003 0.0342
1003 253 0.0083
253 1003 0.0083
1003 257 0.0342
257 1003 0.0342
1003 2596 0.0072
2596 1003 0.0072
1003 2602 0.0176
2602 1003 0.0176
1003 2632 0.0216
2632 1003 0.0216
1003 2685 0.0046
2685 1003 0.0046
1003 299 0.0117
299 1003 0.0117
1003 339 0.0087
339 1003 0.0087
1003 344 0.0212
344 1003 0.0212
1003 389 0.0037
389 1003 0.0037
1003 417 0.0078
417 1003 0.0078
1003 418 0.0109
418 1003 0.0109
1003 42 0.0087
42 1003 0.0087
1003 478 0.0253
478 1003 0.0253
1003 483 0.0193
483 1003 0.0193
1003 511 0.0120
511 1003 0.0120
1003 540 0.0152
540 1003 0.0152
1003 549 0.0173
549 1003 0.0173
1003 571 0.0342
571 1003 0.0342
1003 572 0.0091
572 1003 0.0091
1003 587 0.0102
587 1003 0.0102
1003 627 0.0283
627 1003 0.0283
1003 666 0.0087
666 1003 0.0087
1003 69 0.0683
69 1003 0.0683
1003 703 0.0087
703 1003 0.0087
1003 714 0.0070
714 1003 0.0070
1003 716 0.0081
716 1003 0.0081
1003 718 0.0083
718 1003 0.0083
1003 721 0.0144
721 1003 0.0144
1003 804 0.0079
804 1003 0.0079
1003 815 0.0292
815 1003 0.0292
1003 818 0.0061
818 1003 0.0061
1003 884 0.0035
884 1003 0.0035
1003 885 0.0271
885 1003 0.0271
1003 891 0.0083
891 1003 0.0083
1003 915 0.0192
915 1003 0.0192
1003 938 0.0654
938 1003 0.0654
1003 948 0.0118
948 1003 0.0118
1003 95 0.0168
95 1003 0.0168
1004 2343 0.2756
2343 1004 0.2756
1004 601 0.1432
601 1004 0.1432
1005 1139 0.0729
1139 1005 0.0729
1005 1248 0.1975
1248 1005 0.1975
1005 1291 0.0494
1291 1005 0.0494
1005 1583 0.0491
1583 1005 0.0491
1005 1698 0.1873
1698 1005 0.1873
1005 1725 0.0592
1725 1005 0.0592
1005 1784 0.1104
1784 1005 0.1104
1005 2091 0.0670
2091 1005 0.0670
1005 2103 0.0558
2103 1005 0.0558
1005 2191 0.0395
2191 1005 0.0395
1005 2269 0.0226
2269 1005 0.0226
1005 2357 0.0956
2357 1005 0.0956
1005 2359 0.2814
2359 1005 0.2814
1005 2362 0.2036
2362 1005 0.2036
1005 2497 0.1367
2497 1005 0.1367
1005 2647 0.1084
2647 1005 0.1084
1005 2693 0.1206
2693 1005 0.1206
1005 521 0.1511
521 1005 0.1511
1005 554 0.1145
554 1005 0.1145
1005 662 0.0813
662 1005 0.0813
1005 714 0.0686
714 1005 0.0686
1005 765 0.0727
765 1005 0.0727
1005 809 0.0350
809 1005 0.0350
1006 1049 0.0857
1049 1006 0.0857
1006 1061 0.0361
1061 1006 0.0361
1006 1077 0.0478
1077 1006 0.0478
1006 1086 0.0180
1086 1006 0.0180
1006 1105 0.0184
1105 1006 0.0184
1006 1109 0.0215
1109 1006 0.0215
1006 1112 0.0344
1112 1006 0.0344
1006 1123 0.0219
1123 1006 0.0219
1006 1137 0.0144
1137 1006 0.0144
1006 1145 0.0291
1145 1006 0.0291
1006 1146 0.0395
1146 1006 0.0395
1006 1160 0.0188
1160 1006 0.0188
1006 1162 0.0500
1162 1006 0.0500
1006 1165 0.0307
1165 1006 0.0307
1006 1168 0.0765
1168 1006 0.0765
1006 1176 0.0119
1176 1006 0.0119
1006 1193 0.0587
1193 1006 0.0587
1006 1207 0.0553
1207 1006 0.0553
1006 1218 0.0138
1218 1006 0.0138
1006 1229 0.0445
1229 1006 0.0445
1006 1232 0.0529
1232 1006 0.0529
1006 1241 0.0158
1241 1006 0.0158
1006 1246 0.0625
1246 1006 0.0625
1006 1252 0.1155
1252 1006 0.1155
1006 1254 0.0309
1254 1006 0.0309
1006 1256 0.0644
1256 1006 0.0644
1006 1260 0.0153
1260 1006 0.0153
1006 1263 0.0118
1263 1006 0.0118
1006 1312 0.0248
1312 1006 0.0248
1006 1317 0.0611
1317 1006 0.0611
1006 1321 0.0282
1321 1006 0.0282
1006 1337 0.0271
1337 1006 0.0271
1006 1341 0.0207
1341 1006 0.0207
1006 1349 0.0808
1349 1006 0.0808
1006 1357 0.0399
1357 1006 0.0399
1006 1376 0.0184
1376 1006 0.0184
1006 1379 0.0455
1379 1006 0.0455
1006 1380 0.0241
1380 1006 0.0241
1006 1382 0.0154
1382 1006 0.0154
1006 1385 0.0208
1385 1006 0.0208
1006 1386 0.0154
1386 1006 0.0154
1006 1393 0.0450
1393 1006 0.0450
1006 1394 0.0247
1394 1006 0.0247
1006 140 0.0245
140 1006 0.0245
1006 1412 0.0360
1412 1006 0.0360
1006 1434 0.0118
1434 1006 0.0118
1006 1442 0.0308
1442 1006 0.0308
1006 1445 0.0257
1445 1006 0.0257
1006 1447 0.0173
1447 1006 0.0173
1006 1452 0.0147
1452 1006 0.0147
1006 1464 0.0079
1464 1006 0.0079
1006 1465 0.0595
1465 1006 0.0595
1006 1466 0.0163
1466 1006 0.0163
1006 1467 0.0937
1467 1006 0.0937
1006 1495 0.0441
1495 1006 0.0441
1006 1497 0.0273
1497 1006 0.0273
1006 1499 0.0121
1499 1006 0.0121
1006 1509 0.0370
1509 1006 0.0370
1006 1531 0.0245
1531 1006 0.0245
1006 1548 0.0354
1548 1006 0.0354
1006 1553 0.0693
1553 1006 0.0693
1006 1570 0.0615
1570 1006 0.0615
1006 158 0.0337
158 1006 0.0337
1006 1588 0.0219
1588 1006 0.0219
1006 1598 0.0303
1598 1006 0.0303
1006 1600 0.0147
1600 1006 0.0147
1006 1605 0.0791
1605 1006 0.0791
1006 1632 0.0694
1632 1006 0.0694
1006 1635 0.0498
1635 1006 0.0498
1006 1636 0.0755
1636 1006 0.0755
1006 1638 0.0382
1638 1006 0.0382
1006 1654 0.0432
1654 1006 0.0432
1006 1662 0.0231
1662 1006 0.0231
1006 1665 0.0332
1665 1006 0.0332
1006 1673 0.1012
1673 1006 0.1012
1006 1698 0.0272
1698 1006 0.0272
1006 1710 0.0269
1710 1006 0.0269
1006 1725 0.0124
1725 1006 0.0124
1006 1729 0.0614
1729 1006 0.0614
1006 1740 0.0236
1740 1006 0.0236
1006 1743 0.0390
1743 1006 0.0390
1006 1745 0.0360
1745 1006 0.0360
1006 1750 0.0373
1750 1006 0.0373
1006 1758 0.0782
1758 1006 0.0782
1006 1765 0.0993
1765 1006 0.0993
1006 1792 0.0208
1792 1006 0.0208
1006 1819 0.0457
1819 1006 0.0457
1006 1826 0.0132
1826 1006 0.0132
1006 1842 0.0630
1842 1006 0.0630
1006 1843 0.0330
1843 1006 0.0330
1006 1847 0.0199
1847 1006 0.0199
1006 1849 0.0352
1849 1006 0.0352
1006 1877 0.0284
1877 1006 0.0284
1006 1880 0.0143
1880 1006 0.0143
1006 1884 0.1010
1884 1006 0.1010
1006 1888 0.0137
1888 1006 0.0137
1006 1934 0.0323
1934 1006 0.0323
1006 1945 0.0507
1945 1006 0.0507
1006 1955 0.0779
1955 1006 0.0779
1006 1959 0.0528
1959 1006 0.0528
1006 1977 0.1385
1977 1006 0.1385
1006 1980 0.0086
1980 1006 0.0086
1006 1996 0.0307
1996 1006 0.0307
1006 1998 0.0303
1998 1006 0.0303
1006 2000 0.0413
2000 1006 0.0413
1006 2022 0.0475
2022 1006 0.0475
1006 2041 0.0240
2041 1006 0.0240
1006 2042 0.0547
2042 1006 0.0547
1006 2062 0.0152
2062 1006 0.0152
1006 2085 0.0799
2085 1006 0.0799
1006 2086 0.0586
2086 1006 0.0586
1006 2087 0.0693
2087 1006 0.0693
1006 2096 0.0308
2096 1006 0.0308
1006 2098 0.0252
2098 1006 0.0252
1006 2103 0.0195
2103 1006 0.0195
1006 2104 0.0508
2104 1006 0.0508
1006 2107 0.0570
2107 1006 0.0570
1006 2111 0.0937
2111 1006 0.0937
1006 2121 0.0890
2121 1006 0.0890
1006 2129 0.0153
2129 1006 0.0153
1006 2148 0.0223
2148 1006 0.0223
1006 2154 0.0139
2154 1006 0.0139
1006 2160 0.0169
2160 1006 0.0169
1006 2162 0.0268
2162 1006 0.0268
1006 2168 0.0471
2168 1006 0.0471
1006 2184 0.0239
2184 1006 0.0239
1006 2192 0.0466
2192 1006 0.0466
1006 2193 0.0292
2193 1006 0.0292
1006 2203 0.0485
2203 1006 0.0485
1006 2217 0.0565
2217 1006 0.0565
1006 2220 0.0271
2220 1006 0.0271
1006 2229 0.0146
2229 1006 0.0146
1006 223 0.0689
223 1006 0.0689
1006 2238 0.0520
2238 1006 0.0520
1006 2245 0.0367
2245 1006 0.0367
1006 2252 0.0263
2252 1006 0.0263
1006 2254 0.0575
2254 1006 0.0575
1006 2269 0.0116
2269 1006 0.0116
1006 2278 0.0524
2278 1006 0.0524
1006 2282 0.0219
2282 1006 0.0219
1006 2287 0.0154
2287 1006 0.0154
1006 2290 0.0682
2290 1006 0.0682
1006 2299 0.0178
2299 1006 0.0178
1006 2301 0.0219
2301 1006 0.0219
1006 2305 0.0143
2305 1006 0.0143
1006 2309 0.0479
2309 1006 0.0479
1006 2338 0.0362
2338 1006 0.0362
1006 2343 0.0249
2343 1006 0.0249
1006 2346 0.0303
2346 1006 0.0303
1006 2348 0.0248
2348 1006 0.0248
1006 2349 0.0155
2349 1006 0.0155
1006 2357 0.0103
2357 1006 0.0103
1006 2368 0.0154
2368 1006 0.0154
1006 2376 0.0206
2376 1006 0.0206
1006 2383 0.0213
2383 1006 0.0213
1006 2384 0.0279
2384 1006 0.0279
1006 2388 0.0357
2388 1006 0.0357
1006 2414 0.0154
2414 1006 0.0154
1006 2415 0.0177
2415 1006 0.0177
1006 2419 0.0427
2419 1006 0.0427
1006 2424 0.0485
2424 1006 0.0485
1006 2437 0.0259
2437 1006 0.0259
1006 2516 0.0150
2516 1006 0.0150
1006 2533 0.0557
2533 1006 0.0557
1006 2540 0.0264
2540 1006 0.0264
1006 2568 0.0293
2568 1006 0.0293
1006 2573 0.0505
2573 1006 0.0505
1006 2584 0.0426
2584 1006 0.0426
1006 2590 0.0388
2590 1006 0.0388
1006 2597 0.0872
2597 1006 0.0872
1006 2603 0.0637
2603 1006 0.0637
1006 2623 0.0146
2623 1006 0.0146
1006 2636 0.0477
2636 1006 0.0477
1006 2640 0.0136
2640 1006 0.0136
1006 2658 0.0955
2658 1006 0.0955
1006 2662 0.0122
2662 1006 0.0122
1006 2667 0.0219
2667 1006 0.0219
1006 2678 0.0322
2678 1006 0.0322
1006 2685 0.0477
2685 1006 0.0477
1006 2688 0.0598
2688 1006 0.0598
1006 2693 0.0120
2693 1006 0.0120
1006 315 0.0335
315 1006 0.0335
1006 410 0.0644
410 1006 0.0644
1006 411 0.0199
411 1006 0.0199
1006 453 0.0763
453 1006 0.0763
1006 542 0.0810
542 1006 0.0810
1006 545 0.0329
545 1006 0.0329
1006 549 0.0648
549 1006 0.0648
1006 550 0.0667
550 1006 0.0667
1006 560 0.0520
560 1006 0.0520
1006 576 0.0336
576 1006 0.0336
1006 593 0.1255
593 1006 0.1255
1006 610 0.0153
610 1006 0.0153
1006 618 0.0456
618 1006 0.0456
1006 635 0.0368
635 1006 0.0368
1006 645 0.0130
645 1006 0.0130
1006 654 0.0936
654 1006 0.0936
1006 657 0.0545
657 1006 0.0545
1006 664 0.0490
664 1006 0.0490
1006 665 0.0338
665 1006 0.0338
1006 671 0.0282
671 1006 0.0282
1006 682 0.1140
682 1006 0.1140
1006 693 0.0460
693 1006 0.0460
1006 697 0.0157
697 1006 0.0157
1006 701 0.0131
701 1006 0.0131
1006 702 0.0730
702 1006 0.0730
1006 706 0.0297
706 1006 0.0297
1006 711 0.0182
711 1006 0.0182
1006 752 0.0106
752 1006 0.0106
1006 757 0.0354
757 1006 0.0354
1006 763 0.0743
763 1006 0.0743
1006 765 0.0863
765 1006 0.0863
1006 766 0.0175
766 1006 0.0175
1006 770 0.0234
770 1006 0.0234
1006 799 0.0133
799 1006 0.0133
1006 802 0.0063
802 1006 0.0063
1006 808 0.0424
808 1006 0.0424
1006 813 0.0397
813 1006 0.0397
1006 819 0.0484
819 1006 0.0484
1006 821 0.0432
821 1006 0.0432
1006 824 0.0356
824 1006 0.0356
1006 842 0.0205
842 1006 0.0205
1006 853 0.0135
853 1006 0.0135
1006 864 0.0655
864 1006 0.0655
1006 867 0.0169
867 1006 0.0169
1006 871 0.0590
871 1006 0.0590
1006 897 0.0713
897 1006 0.0713
1006 903 0.0312
903 1006 0.0312
1006 920 0.0294
920 1006 0.0294
1006 936 0.0413
936 1006 0.0413
1006 946 0.0335
946 1006 0.0335
1006 947 0.0319
947 1006 0.0319
1006 969 0.0323
969 1006 0.0323
1006 975 0.0379
975 1006 0.0379
1006 989 0.0375
989 1006 0.0375
1006 993 0.0204
993 1006 0.0204
1007 1722 0.0611
1722 1007 0.0611
1007 1725 0.0484
1725 1007 0.0484
1007 1771 0.1360
1771 1007 0.1360
1007 2085 0.0352
2085 1007 0.0352
1007 2086 0.0216
2086 1007 0.0216
1007 2148 0.0956
2148 1007 0.0956
1007 2154 0.0345
2154 1007 0.0345
1007 2194 0.1404
2194 1007 0.1404
1007 2357 0.0323
2357 1007 0.0323
1007 2410 0.1105
2410 1007 0.1105
1008 1079 0.0357
1079 1008 0.0357
1008 1159 0.0641
1159 1008 0.0641
1008 1193 0.2685
1193 1008 0.2685
1008 1195 0.0715
1195 1008 0.0715
1008 1464 0.2604
1464 1008 0.2604
1008 1628 0.0174
1628 1008 0.0174
1008 1689 0.1501
1689 1008 0.1501
1008 1740 0.0226
1740 1008 0.0226
1008 1846 0.2907
1846 1008 0.2907
1008 1877 0.0253
1877 1008 0.0253
1008 2103 0.1848
2103 1008 0.1848
1008 2132 0.4626
2132 1008 0.4626
1008 2144 0.2720
2144 1008 0.2720
1008 2172 0.0663
2172 1008 0.0663
1008 2178 0.0314
2178 1008 0.0314
1008 2284 0.0227
2284 1008 0.0227
1008 2385 0.1417
2385 1008 0.1417
1008 2409 0.1464
2409 1008 0.1464
1008 2437 0.4207
2437 1008 0.4207
1008 2531 0.0322
2531 1008 0.0322
1008 2626 0.2052
2626 1008 0.2052
1008 305 0.1281
305 1008 0.1281
1008 326 0.1540
326 1008 0.1540
1008 614 0.2701
614 1008 0.2701
1008 711 0.3952
711 1008 0.3952
1008 725 0.1269
725 1008 0.1269
1008 786 0.1587
786 1008 0.1587
1008 833 0.1184
833 1008 0.1184
1008 842 0.3165
842 1008 0.3165
1008 876 0.0330
876 1008 0.0330
1008 963 0.1102
963 1008 0.1102
1009 1086 0.1823
1086 1009 0.1823
1009 1552 0.2744
1552 1009 0.2744
1009 1796 0.4730
1796 1009 0.4730
1009 1813 0.2673
1813 1009 0.2673
1009 1968 0.1688
1968 1009 0.1688
1009 2082 0.2136
2082 1009 0.2136
1009 2519 0.2887
2519 1009 0.2887
100 1052 0.0153
1052 100 0.0153
100 1055 0.0351
1055 100 0.0351
100 1164 0.0098
1164 100 0.0098
100 1697 0.0209
1697 100 0.0209
100 1990 0.0723
1990 100 0.0723
100 2183 0.0276
2183 100 0.0276
100 2411 0.0786
2411 100 0.0786
100 313 0.1451
313 100 0.1451
100 637 0.1130
637 100 0.1130
100 87 0.4476
87 100 0.4476
100 894 0.0628
894 100 0.0628
100 964 0.0251
964 100 0.0251
1010 100 0.0952
100 1010 0.0952
1010 1031 0.2718
1031 1010 0.2718
1010 1084 0.7607
1084 1010 0.7607
1010 1127 0.0256
1127 1010 0.0256
1010 1184 0.0162
1184 1010 0.0162
1010 1212 0.0458
1212 1010 0.0458
1010 1245 0.2587
1245 1010 0.2587
1010 1340 0.0439
1340 1010 0.0439
1010 1401 0.5548
1401 1010 0.5548
1010 1412 0.1038
1412 1010 0.1038
1010 1414 0.0158
1414 1010 0.0158
1010 1438 0.1171
1438 1010 0.1171
1010 1457 0.0440
1457 1010 0.0440
1010 1757 0.0423
1757 1010 0.0423
1010 178 0.0333
178 1010 0.0333
1010 1935 0.0910
1935 1010 0.0910
1010 2136 0.0482
2136 1010 0.0482
1010 2190 0.0678
2190 1010 0.0678
1010 2233 0.0179
2233 1010 0.0179
1010 2263 0.2884
2263 1010 0.2884
1010 2373 0.0535
2373 1010 0.0535
1010 2390 0.4549
2390 1010 0.4549
1010 2409 0.0232
2409 1010 0.0232
1010 241 0.0613
241 1010 0.0613
1010 2420 0.0903
2420 1010 0.0903
1010 2422 0.1760
2422 1010 0.1760
1010 2429 0.2688
2429 1010 0.2688
1010 2475 0.0943
2475 1010 0.0943
1010 2476 0.0755
2476 1010 0.0755
1010 2555 0.2188
2555 1010 0.2188
1010 2624 0.1021
2624 1010 0.1021
1010 2658 0.0978
2658 1010 0.0978
1010 2664 0.0640
2664 1010 0.0640
1010 2674 0.1469
2674 1010 0.1469
1010 2702 0.2700
2702 1010 0.2700
1010 2705 0.0507
2705 1010 0.0507
1010 313 0.0699
313 1010 0.0699
1010 345 0.0582
345 1010 0.0582
1010 505 0.0413
505 1010 0.0413
1010 579 0.0690
579 1010 0.0690
1010 637 0.5962
637 1010 0.5962
1010 665 0.0338
665 1010 0.0338
1010 809 0.0262
809 1010 0.0262
1010 87 0.1052
87 1010 0.1052
1010 894 0.0494
894 1010 0.0494
1010 946 0.0965
946 1010 0.0965
1011 626 0.1089
626 1011 0.1089
1011 775 0.1497
775 1011 0.1497
1013 1397 0.0645
1397 1013 0.0645
1013 2362 0.0727
2362 1013 0.0727
1013 277 0.2192
277 1013 0.2192
1013 408 0.0319
408 1013 0.0319
1013 490 0.1865
490 1013 0.1865
1014 1046 0.0500
1046 1014 0.0500
1014 1190 0.2773
1190 1014 0.2773
1014 1207 0.0570
1207 1014 0.0570
1014 1261 0.4855
1261 1014 0.4855
1014 1351 0.0142
1351 1014 0.0142
1014 1410 0.0250
1410 1014 0.0250
1014 1502 0.5047
1502 1014 0.5047
1014 1574 0.0945
1574 1014 0.0945
1014 1669 0.0345
1669 1014 0.0345
1014 1732 0.2703
1732 1014 0.2703
1014 1791 0.2530
1791 1014 0.2530
1014 1802 0.2850
1802 1014 0.2850
1014 1900 0.4919
1900 1014 0.4919
1014 1998 0.0541
1998 1014 0.0541
1014 2043 0.0416
2043 1014 0.0416
1014 2083 0.0140
2083 1014 0.0140
1014 2123 0.0303
2123 1014 0.0303
1014 2149 0.0064
2149 1014 0.0064
1014 2236 0.0547
2236 1014 0.0547
1014 2463 0.0143
2463 1014 0.0143
1014 2594 0.1303
2594 1014 0.1303
1014 2645 0.1580
2645 1014 0.1580
1014 2695 0.0497
2695 1014 0.0497
1014 346 0.0366
346 1014 0.0366
1014 371 0.3214
371 1014 0.3214
1014 429 0.0193
429 1014 0.0193
1014 555 0.3040
555 1014 0.3040
1014 559 0.4507
559 1014 0.4507
1014 670 0.0552
670 1014 0.0552
1014 807 0.0412
807 1014 0.0412
1014 823 0.1004
823 1014 0.1004
1014 838 0.1783
838 1014 0.1783
1014 998 0.0349
998 1014 0.0349
1015 1070 0.0643
1070 1015 0.0643
1015 1163 0.3875
1163 1015 0.3875
1015 1443 0.1067
1443 1015 0.1067
1015 1462 0.1681
1462 1015 0.1681
1015 1535 0.0549
1535 1015 0.0549
1015 1707 0.2144
1707 1015 0.2144
1015 1936 0.1157
1936 1015 0.1157
1015 1952 0.2411
1952 1015 0.2411
1015 2050 0.0565
2050 1015 0.0565
1015 2152 0.0887
2152 1015 0.0887
1015 2185 0.1139
2185 1015 0.1139
1015 2409 0.0281
2409 1015 0.0281
1015 2564 0.0547
2564 1015 0.0547
1015 2586 0.2955
2586 1015 0.2955
1015 2632 0.4842
2632 1015 0.4842
1015 579 0.0779
579 1015 0.0779
1015 670 0.0185
670 1015 0.0185
1015 714 0.0265
714 1015 0.0265
1015 990 0.0565
990 1015 0.0565
1015 993 0.0438
993 1015 0.0438
1017 1730 0.3629
1730 1017 0.3629
1017 2209 0.4407
2209 1017 0.4407
1017 2269 0.0252
2269 1017 0.0252
1018 1095 0.1615
1095 1018 0.1615
1018 1706 0.2329
1706 1018 0.2329
1018 1930 0.1050
1930 1018 0.1050
1018 535 0.2058
535 1018 0.2058
1019 1139 0.0763
1139 1019 0.0763
1019 1915 0.4235
1915 1019 0.4235
1019 2615 0.2151
2615 1019 0.2151
1019 495 0.0543
495 1019 0.0543
101 1221 0.3092
1221 101 0.3092
101 1330 0.0945
1330 101 0.0945
101 1508 0.3884
1508 101 0.3884
101 1623 0.0241
1623 101 0.0241
101 1712 0.0539
1712 101 0.0539
101 1720 0.4182
1720 101 0.4182
101 1907 0.0093
1907 101 0.0093
101 2076 0.0106
2076 101 0.0106
101 2159 0.1852
2159 101 0.1852
101 2438 0.1591
2438 101 0.1591
101 2618 0.0243
2618 101 0.0243
101 333 0.0126
333 101 0.0126
101 491 0.3437
491 101 0.3437
101 739 0.0218
739 101 0.0218
101 875 0.1593
875 101 0.1593
101 999 0.4265
999 101 0.4265
1021 2666 0.0434
2666 1021 0.0434
1022 1621 0.0667
1621 1022 0.0667
1022 1674 0.2849
1674 1022 0.2849
1022 2191 0.0300
2191 1022 0.0300
1022 2269 0.0077
2269 1022 0.0077
1023 1832 0.0874
1832 1023 0.0874
1023 1991 0.1259
1991 1023 0.1259
1023 222 0.0852
222 1023 0.0852
1023 2383 0.0384
2383 1023 0.0384
1023 2403 0.0901
2403 1023 0.0901
1023 896 0.1176
896 1023 0.1176
1024 1980 0.0325
1980 1024 0.0325
1024 2370 0.5870
2370 1024 0.5870
1024 2503 0.4559
2503 1024 0.4559
1024 363 0.0904
363 1024 0.0904
1024 366 0.0495
366 1024 0.0495
1024 375 0.0183
375 1024 0.0183
1024 402 0.0149
402 1024 0.0149
1024 478 0.0399
478 1024 0.0399
1024 511 0.0738
511 1024 0.0738
1024 526 0.0143
526 1024 0.0143
1024 657 0.0282
657 1024 0.0282
1024 697 0.0639
697 1024 0.0639
1024 884 0.0323
884 1024 0.0323
1025 1052 0.0252
1052 1025 0.0252
1025 1310 0.0201
1310 1025 0.0201
1025 1550 0.0518
1550 1025 0.0518
1025 1584 0.1636
1584 1025 0.1636
1025 1633 0.0376
1633 1025 0.0376
1025 1841 0.2791
1841 1025 0.2791
1025 1911 0.1328
1911 1025 0.1328
1025 1966 0.4244
1966 1025 0.4244
1025 2086 0.0403
2086 1025 0.0403
1025 2091 0.1381
2091 1025 0.1381
1025 2153 0.2941
2153 1025 0.2941
1025 2269 0.0323
2269 1025 0.0323
1025 2531 0.1703
2531 1025 0.1703
1025 2669 0.0347
2669 1025 0.0347
1025 420 0.3416
420 1025 0.3416
1025 461 0.2652
461 1025 0.2652
1025 582 0.1406
582 1025 0.1406
1025 603 0.4498
603 1025 0.4498
1025 850 0.4947
850 1025 0.4947
1025 940 0.4548
940 1025 0.4548
1026 1326 0.1905
1326 1026 0.1905
1027 1146 0.0909
1146 1027 0.0909
1027 1871 0.1023
1871 1027 0.1023
1027 2160 0.1106
2160 1027 0.1106
1027 2685 0.0173
2685 1027 0.0173
1027 622 0.0845
622 1027 0.0845
1028 1013 0.0119
1013 1028 0.0119
1028 1070 0.0439
1070 1028 0.0439
1028 1142 0.0551
1142 1028 0.0551
1028 128 0.0316
128 1028 0.0316
1028 1316 0.0717
1316 1028 0.0717
1028 1399 0.0291
1399 1028 0.0291
1028 1414 0.1481
1414 1028 0.1481
1028 1428 0.0475
1428 1028 0.0475
1028 1444 0.0109
1444 1028 0.0109
1028 1683 0.0325
1683 1028 0.0325
1028 195 0.0364
195 1028 0.0364
1028 1998 0.0336
1998 1028 0.0336
1028 2012 0.0444
2012 1028 0.0444
1028 2118 0.0255
2118 1028 0.0255
1028 2392 0.0717
2392 1028 0.0717
1028 2456 0.1746
2456 1028 0.1746
1028 2509 0.1569
2509 1028 0.1569
1028 2655 0.0717
2655 1028 0.0717
1028 274 0.0592
274 1028 0.0592
1028 278 0.0109
278 1028 0.0109
1028 499 0.0182
499 1028 0.0182
1028 726 0.0544
726 1028 0.0544
1028 845 0.0696
845 1028 0.0696
1029 2383 0.1785
2383 1029 0.1785
102 135 0.0414
135 102 0.0414
102 1471 0.1095
1471 102 0.1095
102 1622 0.1665
1622 102 0.1665
102 1937 0.1435
1937 102 0.1435
102 2037 0.0117
2037 102 0.0117
102 210 0.1100
210 102 0.1100
102 2141 0.1822
2141 102 0.1822
102 2649 0.2952
2649 102 0.2952
102 392 0.3326
392 102 0.3326
102 688 0.2067
688 102 0.2067
102 796 0.3586
796 102 0.3586
102 894 0.0457
894 102 0.0457
1030 2486 0.1273
2486 1030 0.1273
1031 100 0.0627
100 1031 0.0627
1031 1045 0.0741
1045 1031 0.0741
1031 1070 0.0369
1070 1031 0.0369
1031 1084 0.2801
1084 1031 0.2801
1031 1209 0.0309
1209 1031 0.0309
1031 1212 0.0350
1212 1031 0.0350
1031 1245 0.2666
1245 1031 0.2666
1031 1263 0.0224
1263 1031 0.0224
1031 1340 0.0439
1340 1031 0.0439
1031 1354 0.0358
1354 1031 0.0358
1031 1401 0.2409
1401 1031 0.2409
1031 1412 0.0781
1412 1031 0.0781
1031 1438 0.1920
1438 1031 0.1920
1031 1457 0.0398
1457 1031 0.0398
1031 1536 0.0871
1536 1031 0.0871
1031 154 0.0855
154 1031 0.0855
1031 1570 0.0855
1570 1031 0.0855
1031 1757 0.0400
1757 1031 0.0400
1031 183 0.0630
183 1031 0.0630
1031 1834 0.0342
1834 1031 0.0342
1031 1848 0.0322
1848 1031 0.0322
1031 1858 0.0447
1858 1031 0.0447
1031 2010 0.0644
2010 1031 0.0644
1031 2016 0.0685
2016 1031 0.0685
1031 2038 0.0297
2038 1031 0.0297
1031 2085 0.0335
2085 1031 0.0335
1031 2086 0.0574
2086 1031 0.0574
1031 2121 0.0177
2121 1031 0.0177
1031 2136 0.0440
2136 1031 0.0440
1031 2150 0.0684
2150 1031 0.0684
1031 2151 0.0213
2151 1031 0.0213
1031 2190 0.0523
2190 1031 0.0523
1031 2233 0.0311
2233 1031 0.0311
1031 2263 0.4165
2263 1031 0.4165
1031 227 0.0160
227 1031 0.0160
1031 2273 0.0162
2273 1031 0.0162
1031 2301 0.0364
2301 1031 0.0364
1031 2318 0.0240
2318 1031 0.0240
1031 2338 0.1211
2338 1031 0.1211
1031 2346 0.0523
2346 1031 0.0523
1031 2347 0.0667
2347 1031 0.0667
1031 2373 0.0197
2373 1031 0.0197
1031 2390 0.2363
2390 1031 0.2363
1031 2420 0.0686
2420 1031 0.0686
1031 2422 0.1943
2422 1031 0.1943
1031 2429 0.2427
2429 1031 0.2427
1031 2475 0.0731
2475 1031 0.0731
1031 2476 0.0756
2476 1031 0.0756
1031 250 0.0514
250 1031 0.0514
1031 2555 0.3434
2555 1031 0.3434
1031 262 0.0194
262 1031 0.0194
1031 2624 0.0606
2624 1031 0.0606
1031 2658 0.0749
2658 1031 0.0749
1031 2664 0.0507
2664 1031 0.0507
1031 2674 0.0663
2674 1031 0.0663
1031 268 0.0838
268 1031 0.0838
1031 2702 0.1666
2702 1031 0.1666
1031 313 0.0485
313 1031 0.0485
1031 457 0.0302
457 1031 0.0302
1031 505 0.0292
505 1031 0.0292
1031 550 0.0372
550 1031 0.0372
1031 576 0.0233
576 1031 0.0233
1031 579 0.1155
579 1031 0.1155
1031 637 0.2267
637 1031 0.2267
1031 665 0.0250
665 1031 0.0250
1031 802 0.0152
802 1031 0.0152
1031 819 0.1051
819 1031 0.1051
1031 87 0.0684
87 1031 0.0684
1031 894 0.0374
894 1031 0.0374
1031 897 0.0544
897 1031 0.0544
1031 946 0.0695
946 1031 0.0695
1031 959 0.0188
959 1031 0.0188
1032 1419 0.3613
1419 1032 0.3613
1032 1492 0.1241
1492 1032 0.1241
1032 1637 0.1854
1637 1032 0.1854
1032 1908 0.2869
1908 1032 0.2869
1032 1949 0.3094
1949 1032 0.3094
1032 1973 0.2850
1973 1032 0.2850
1032 2319 0.0998
2319 1032 0.0998
1032 2451 0.2807
2451 1032 0.2807
1032 2541 0.1355
2541 1032 0.1355
1032 801 0.1854
801 1032 0.1854
1032 836 0.1241
836 1032 0.1241
1033 1094 0.0282
1094 1033 0.0282
1033 1145 0.0580
1145 1033 0.0580
1033 1211 0.0852
1211 1033 0.0852
1033 1263 0.0212
1263 1033 0.0212
1033 1354 0.0381
1354 1033 0.0381
1033 1595 0.1155
1595 1033 0.1155
1033 1680 0.0904
1680 1033 0.0904
1033 1722 0.0440
1722 1033 0.0440
1033 1838 0.0666
1838 1033 0.0666
1033 2221 0.0760
2221 1033 0.0760
1033 2574 0.0815
2574 1033 0.0815
1033 2646 0.1305
2646 1033 0.1305
1034 1499 0.0732
1499 1034 0.0732
1034 1839 0.6293
1839 1034 0.6293
1034 1931 0.2031
1931 1034 0.2031
1034 2085 0.0444
2085 1034 0.0444
1034 2086 0.0303
2086 1034 0.0303
1034 2269 0.0166
2269 1034 0.0166
1034 2306 0.1769
2306 1034 0.1769
1035 120 0.1401
120 1035 0.1401
1035 1322 0.0917
1322 1035 0.0917
1035 1903 0.1401
1903 1035 0.1401
1035 455 0.1401
455 1035 0.1401
1036 1014 0.2283
1014 1036 0.2283
1036 1046 0.1765
1046 1036 0.1765
1036 1062 0.0131
1062 1036 0.0131
1036 1129 0.0352
1129 1036 0.0352
1036 1190 0.1747
1190 1036 0.1747
1036 1207 0.0340
1207 1036 0.0340
1036 1216 0.0320
1216 1036 0.0320
1036 1220 0.2285
1220 1036 0.2285
1036 1261 0.3418
1261 1036 0.3418
1036 1271 0.0082
1271 1036 0.0082
1036 1322 0.0281
1322 1036 0.0281
1036 133 0.1094
133 1036 0.1094
1036 1351 0.0233
1351 1036 0.0233
1036 1392 0.0172
1392 1036 0.0172
1036 1410 0.0422
1410 1036 0.0422
1036 1424 0.0701
1424 1036 0.0701
1036 1502 0.3170
1502 1036 0.3170
1036 1540 0.0219
1540 1036 0.0219
1036 1574 0.1617
1574 1036 0.1617
1036 1603 0.0272
1603 1036 0.0272
1036 1669 0.0266
1669 1036 0.0266
1036 1732 0.3055
1732 1036 0.3055
1036 1791 0.3982
1791 1036 0.3982
1036 1802 0.2627
1802 1036 0.2627
1036 1816 0.0249
1816 1036 0.0249
1036 1871 0.0310
1871 1036 0.0310
1036 189 0.0077
189 1036 0.0077
1036 1900 0.2462
1900 1036 0.2462
1036 1901 0.0917
1901 1036 0.0917
1036 2030 0.0451
2030 1036 0.0451
1036 2043 0.1101
2043 1036 0.1101
1036 2060 0.1217
2060 1036 0.1217
1036 2083 0.0237
2083 1036 0.0237
1036 21 0.0377
21 1036 0.0377
1036 2123 0.0267
2123 1036 0.0267
1036 2149 0.0712
2149 1036 0.0712
1036 2236 0.1225
2236 1036 0.1225
1036 2364 0.0114
2364 1036 0.0114
1036 2365 0.0448
2365 1036 0.0448
1036 2395 0.2246
2395 1036 0.2246
1036 2463 0.0701
2463 1036 0.0701
1036 2464 0.0980
2464 1036 0.0980
1036 2467 0.0416
2467 1036 0.0416
1036 2564 0.0304
2564 1036 0.0304
1036 2594 0.1032
2594 1036 0.1032
1036 2645 0.1112
2645 1036 0.1112
1036 2659 0.0235
2659 1036 0.0235
1036 2695 0.0660
2695 1036 0.0660
1036 2699 0.2867
2699 1036 0.2867
1036 306 0.0280
306 1036 0.0280
1036 312 0.0134
312 1036 0.0134
1036 341 0.0678
341 1036 0.0678
1036 346 0.0785
346 1036 0.0785
1036 369 0.0340
369 1036 0.0340
1036 371 0.1512
371 1036 0.1512
1036 416 0.0183
416 1036 0.0183
1036 429 0.0153
429 1036 0.0153
1036 555 0.1393
555 1036 0.1393
1036 559 0.1980
559 1036 0.1980
1036 622 0.0281
622 1036 0.0281
1036 645 0.0317
645 1036 0.0317
1036 670 0.1506
670 1036 0.1506
1036 676 0.0396
676 1036 0.0396
1036 753 0.4254
753 1036 0.4254
1036 775 0.0325
775 1036 0.0325
1036 807 0.1070
807 1036 0.1070
1036 818 0.0110
818 1036 0.0110
1036 823 0.2302
823 1036 0.2302
1036 838 0.2793
838 1036 0.2793
1036 947 0.0141
947 1036 0.0141
1036 973 0.0203
973 1036 0.0203
1036 974 0.0503
974 1036 0.0503
1036 998 0.0176
998 1036 0.0176
1037 376 0.2564
376 1037 0.2564
1038 1364 0.0631
1364 1038 0.0631
1038 1872 0.2000
1872 1038 0.2000
1038 1950 0.1526
1950 1038 0.1526
1038 2023 0.0514
2023 1038 0.0514
1038 2210 0.1789
2210 1038 0.1789
1038 2575 0.1103
2575 1038 0.1103
1038 489 0.2784
489 1038 0.2784
1038 598 0.0433
598 1038 0.0433
1038 604 0.1084
604 1038 0.1084
1038 900 0.1206
900 1038 0.1206
1039 1056 0.0461
1056 1039 0.0461
1039 1291 0.0670
1291 1039 0.0670
1039 1353 0.0614
1353 1039 0.0614
1039 1362 0.0824
1362 1039 0.0824
1039 1415 0.4123
1415 1039 0.4123
1039 1632 0.0612
1632 1039 0.0612
1039 1922 0.5625
1922 1039 0.5625
1039 2152 0.5101
2152 1039 0.5101
1039 972 0.0256
972 1039 0.0256
103 1066 0.0508
1066 103 0.0508
103 112 0.0373
112 103 0.0373
103 1243 0.0634
1243 103 0.0634
103 128 0.1216
128 103 0.1216
103 1281 0.0454
1281 103 0.0454
103 1328 0.0865
1328 103 0.0865
103 1476 0.0396
1476 103 0.0396
103 1500 0.0344
1500 103 0.0344
103 162 0.0635
162 103 0.0635
103 1695 0.1762
1695 103 0.1762
103 1749 0.0819
1749 103 0.0819
103 1904 0.1538
1904 103 0.1538
103 1915 0.0564
1915 103 0.0564
103 2003 0.0436
2003 103 0.0436
103 205 0.0396
205 103 0.0396
103 2240 0.1154
2240 103 0.1154
103 2359 0.0913
2359 103 0.0913
103 2412 0.0728
2412 103 0.0728
103 2447 0.0372
2447 103 0.0372
103 256 0.1508
256 103 0.1508
103 2589 0.1643
2589 103 0.1643
103 2615 0.0634
2615 103 0.0634
103 271 0.0753
271 103 0.0753
103 335 0.1703
335 103 0.1703
103 367 0.0728
367 103 0.0728
103 414 0.0865
414 103 0.0865
103 454 0.1112
454 103 0.1112
103 566 0.0665
566 103 0.0665
103 806 0.0706
806 103 0.0706
103 815 0.0387
815 103 0.0387
103 866 0.0728
866 103 0.0728
103 960 0.0396
960 103 0.0396
1040 1113 0.2276
1113 1040 0.2276
1040 1356 0.0286
1356 1040 0.0286
1040 1390 0.2194
1390 1040 0.2194
1040 153 0.0132
153 1040 0.0132
1040 1548 0.2249
1548 1040 0.2249
1040 1722 0.1139
1722 1040 0.1139
1040 1781 0.0527
1781 1040 0.0527
1040 1792 0.2626
1792 1040 0.2626
1040 1814 0.0282
1814 1040 0.0282
1040 1955 0.0146
1955 1040 0.0146
1040 2060 0.0129
2060 1040 0.0129
